DT          nu          Ts   T0  beta        g       Tw  cell_x  cell_y  cell_z  s         b         L       n   a   phi     numberOfSubdomains  ux_mag
33.49e-6    22.97e-6    9.999  0   2.70e-3     -9.81   10  100     1       1       0.1       0.1       0.1     3   0   0       2                   10
33.49e-6    22.97e-6    9  0   2.70e-3     -9.81   10  100     1       1       0.1       0.1       0.1     3   0   0       2                   10
33.49e-6    22.97e-6    8  0   2.70e-3     -9.81   10  100     1       1       0.1       0.1       0.1     3   0   0       2                   10
33.49e-6    22.97e-6    7  0   2.70e-3     -9.81   10  100     1       1       0.1       0.1       0.1     3   0   0       2                   10
33.49e-6    22.97e-6    6  0   2.70e-3     -9.81   10  100     1       1       0.1       0.1       0.1     3   0   0       2                   10
33.49e-6    22.97e-6    5  0   2.70e-3     -9.81   10  100     1       1       0.1       0.1       0.1     3   0   0       2                   10
33.49e-6    22.97e-6    4  0   2.70e-3     -9.81   10  100     1       1       0.1       0.1       0.1     3   0   0       2                   10
33.49e-6    22.97e-6    3  0   2.70e-3     -9.81   10  100     1       1       0.1       0.1       0.1     3   0   0       2                   10
33.49e-6    22.97e-6    2  0   2.70e-3     -9.81   10  100     1       1       0.1       0.1       0.1     3   0   0       2                   10
33.49e-6    22.97e-6    1  0   2.70e-3     -9.81   10  100     1       1       0.1       0.1       0.1     3   0   0       2                   10
33.49e-6    22.97e-6    0.001  0   2.70e-3     -9.81   10  100     1       1       0.1       0.1       0.1     3   0   0       2                   10